smallRNA	GSM1666235_fc	GSM1666236_fc	GSM1666237_fc	GSM1666238_fc	GSM1666239_fc	GSM1666240_fc	GSM1666235_salmon	GSM1666236_salmon	GSM1666237_salmon	GSM1666238_salmon	GSM1666239_salmon	GSM1666240_salmon
hsa_piR_018849_DQ595899	2919.1236192203014	2693.576804984448	2904.9114129975787	3967.240790227087	3337.6700183736766	3351.858358002131	7525.028383879633	5693.729112091774	7121.021344558555	12320.121895589336	4502.540820803197	4312.859722606683
hsa_piR_008113_DQ581032	1626.721669134572	1621.5455565673824	1209.0393350648396	861.4083111267513	788.8342381385028	776.5037997721828	8969.123577223414	3216.919475405344	5487.785005508903	3841.4164519048463	3036.2998599511343	3273.6644241067584
URS000025C8A1_GR_chr2_27050845_27050871_27_+	2528.4837651354933	2334.516921123964	819.6385513015031	317.0066993937905	278.6024537163495	273.7390272946796	5917.087281451058	5298.537254222995	1980.3056802927008	1013.0682888830725	762.5527557307844	705.0273472443002
hsa_piR_016735_DQ593039	686.0398640756396	828.9483785109	314.6246540263899	2836.687860855694	3038.253287737274	3041.461896027898	5290.729125808908	4746.5150884654595	2240.053711401858	43381.44890348734	35597.9757115958	33283.01173809464
hsa_piR_016984_DQ593431	23.904496938620337	21.465060542192145	2395.2890464941447	809.8715281942017	793.359664797895	732.1367193681614	46.2502931109764	38.305886532089716	6032.83816612029	2001.9061439629656	1898.2951090222855	1636.8950629696967
hsa_piR_016658_DQ592931	101.3832241784708	103.80009895649664	34.1918684681864	127.30476772396108	137.26679914631148	141.236981346175	1849.675329027053	1837.3733525661453	603.3235136487303	2245.3670898591645	2284.0682883097043	2069.043345512985
hsa_piR_008112_DQ581031	1953.0189249859563	1979.138430169798	1583.7376153868563	1014.3996081485452	953.2670258069224	940.84308739116	779.0750595905351	804.8056090628949	562.5303314568162	154.7661383256708	142.20716889931896	138.92028923324298
hsa_piR_001040_DQ571333	25.568329044837277	28.297971007884183	400.1489232861623	208.93044545722964	184.0116365390243	191.82237704091617	99.13278125478055	111.72924800756508	2209.7075195039306	1167.2803230953518	1013.200873890267	999.4766859243142
hsa_piR_020548_DQ598263	92.22051240472368	91.65091848096688	884.2909147659129	1757.035008662301	1982.163733945289	1973.3763655572577	108.1947342895572	83.44607195727795	1667.5260204153246	2590.447160160648	1984.6927061680776	1723.04543249814
hsa_piR_016946_DQ593358	34.85902790367803	32.118036525661594	307.4443616480708	51.35486700267822	51.53883536720246	51.46421541462868	155.23415254573553	137.74672988683085	1475.4904302595266	209.18172873157332	206.69740478917208	199.15969905510372
hsa_piR_020365_DQ597975	127.7020229495388	116.95356108133127	206.05803862501375	1421.5092676076083	1274.8274613731105	1267.258036077889	71.39061181229881	71.55616319739723	1447.6307459828936	15534.100985427816	13124.06108112174	12271.001490809356
URS00004E6E4D_GR_chr17_8226661_8226691_31_-	256.3581314425027	192.43671277784932	360.3822936546846	756.6247355208617	534.4569170439441	514.9617249535187	528.1447611362505	357.0128137267578	229.04329531969896	1644.4134645374595	1101.6727661487328	993.0185782304432
URS00004CEA14_GR_chr12_124927842_124927869_28_-	41.65979619797036	39.968366045954646	17.512183067618945	13.643694740350217	11.467995154661516	11.651019013661086	446.8850215082455	414.4023726925412	235.17490179784505	138.4523658918305	112.26938612014008	102.51312915337532
URS000027190B_GR_chr21_8216294_8216322_29_+	22.310475969727182	34.79514778267488	248.5302856744088	287.8273842424282	425.4035345486208	424.68297191052193	22.739655114552676	18.172322753031143	1299.9667423544313	1176.542159214202	870.8148569761327	826.0162550793349
hsa_piR_019675_DQ596992	61.619963877796685	86.28063913824504	471.7734547121284	4237.658819980828	4457.384116712249	4476.254927797083	85.26751762604128	80.11556827476494	830.1914165083737	6954.737323761441	5797.990978351127	5436.357388190017
hsa_piR_022628_DQ600952	18.74429037143702	18.315002694517837	136.4998853369076	52.701044883726105	50.81369281643932	48.481554547131445	111.18739618538342	99.4933546015332	640.6335712867968	268.77528663007195	257.2504874520045	221.33174353999087
URS00003F0F42_GR_chr21_8210897_8210926_30_+	35.725849525448396	33.090204517575906	161.83160006290308	584.2412003747835	480.6755111956779	502.8180342787085	28.277047962693363	42.51445988285796	785.981537255973	1856.3923139440633	1594.0454658280837	1518.9901467007287
hsa_piR_016659_DQ592932	133.88030860269402	136.65383017874203	40.79238568552325	148.18871647319048	152.07850717393637	147.62839749081198	256.352119246919	258.8562505979055	61.515361465164474	207.61221886853852	186.0128778875378	141.72095282771076
URS0000441811_GR_chr21_8210896_8210927_32_+	124.66523847595404	185.8344367606895	277.2960532769917	1194.6964862440263	1650.3438741423784	1661.5152040498788	219.74338662579535	178.10760047468418	203.5437083338104	1393.27312420758	1062.9367819463607	1132.7956321557028
hsa_piR_020381_DQ597997	78.6596989795779	93.7675004453449	1332.635506562449	1125.477474927983	1528.170782904544	1453.5012394425491	34.058485652542366	36.410367962171634	669.8755339401839	581.757929360264	465.4243453771834	437.3706758655901
URS0000036192_GR_chr21_8216553_8216581_29_+	123.20502218693149	638.7712994439867	516.9067210901344	209.4943848398308	355.9107067671532	354.0711389625851	87.38848749074617	88.33236566803997	351.29765307627343	213.67731076616823	165.15412116237732	156.94881136791173
hsa_piR_014923_DQ590404	10.855631853849	8.708639999640823	103.43783513114823	229.70524464853625	186.28106415159783	194.5120980017842	22.696757486891254	12.684064513497423	560.0550683685883	641.2376850135842	422.2528342261727	425.4945324771772
hsa_piR_020490_DQ598167	58.676260920643635	66.93799940722917	247.57885976920704	824.8068260366384	1488.0462284289831	1471.290681045122	27.98831242687422	26.098636744052364	517.4205373093234	221.4621812846652	239.4116780800704	212.8885719629479
hsa_piR_006426_DQ578783	17.644764958587363	15.58242239292085	87.4568531297133	170.18235239463505	138.2067987491526	133.94011458104785	53.397771252045786	54.5366952602486	303.8638587197218	531.1119003017349	421.3714229351483	389.67700253482855
URS000049DAFB_GR_chr21_8210893_8210923_31_+	180.9621031328119	180.4291243371779	228.34221724841	3053.531649262327	2985.492452886378	2938.3603643447236	138.2867708510301	109.93370085819484	66.91380071469132	4924.933096971329	3740.72146178647	3398.674612523659
hsa_piR_009294_DQ582566	7073.380785541718	15755.43326240081	20523.31226331443	15022.399189659098	44257.39701510891	43811.30682389433	29.85949453846556	36.63936396772431	322.3461213247313	358.35088983959963	336.4383842304126	298.8865662297575
URS00001650DC_GR_chr21_8210692_8210721_30_+	274.70100777432793	358.48767687425254	10132.4926320112	16346.87450027334	15383.415786072846	15099.10813099091	28.926385307582432	27.2505267136325	327.38277920411235	599.7504424012135	501.9703685551503	406.4857299538733
URS0000372535_GR_chr16_47505331_47505357_27_+	18.64539126022832	19.894410753453705	62.481923118168446	63.12482766535368	72.95739774622484	62.902187223468545	28.679830172844955	25.267391887998457	326.86856362954256	296.5227942581035	297.7358320648655	247.9781611090592
hsa_piR_019676_DQ596993	62.9638282712796	66.70444553529782	34.93516995662523	67.01782856460026	79.67168062366133	74.57983713773228	99.37606722997734	101.90316704359849	55.40319690305341	119.9499888114714	124.68633761909398	119.55453675358912
URS000009C1FC_GR_chr6_26575631_26575660_30_+	1526.11218506144	1386.358267244196	510.945443152855	204.85552862811173	169.69678544432972	164.4458112213879	94.65397574781623	84.74089158937207	51.67397000070515	25.993765265774396	25.0607030012416	18.276650549143387
hsa_piR_022290_DQ600508	NA	NA	NA	NA	NA	NA	49.45478753721671	43.05125212319914	176.2830352474168	2.998752006037337	7.524180960263898	5.9777309885706265
URS0000336885_GR_chr20_29298646_29298674_29_-	86.34474167997152	105.22185815187883	379.262151461031	4330.617860145081	4496.662671545253	4451.621344739628	34.63701386857073	25.45159849647496	230.02512344236376	2710.2410618488157	1888.4974663856951	1765.812572216304
URS00001D1556_GR_chr21_8215387_8215417_31_+	894.9613277066284	1081.201157313771	3727.3745099551497	3542.3397528266073	7852.622396477066	7778.8061733334	69.05008053596787	56.90551199878417	93.17817597654349	286.380836671076	275.170051726017	218.18719343667067
hsa_piR_016926_DQ593325	NA	NA	NA	NA	NA	NA	68.35991906206027	65.80291197377335	52.20638325413525	109.045688705043	75.29240390887033	93.32456821256817
URS00004949A9_GR_chr21_8215846_8215876_31_+	221.1325950678748	3023.445374276911	943.0414644121184	880.4003342053187	7762.194434683752	7593.961092250379	50.854450958644144	47.173181249579486	101.99232750218732	400.33342093829896	314.94072403928425	305.86058621057697
hsa_piR_005076_DQ577008	19.116616437163888	43.28483102738005	210.35432122819023	125.55837479719624	397.7272605278277	404.89621276275005	9.331092308831275	10.419318765862716	191.393009832468	76.46818117757968	55.893916923458235	35.86638790803861
hsa_piR_017936_DQ594740	311.5787410656189	558.4594214452876	1301.7290306731625	3515.252470868765	5446.035413283262	5456.551694431075	34.058485652542366	27.479522719185173	93.17817597654349	1018.076376380462	804.0124960532331	800.0197089383566
hsa_piR_001152_DQ571500	NA	NA	NA	NA	NA	NA	43.85607776506829	50.26434659532384	28.9606940338115	22.490508426237252	38.69542068012993	34.869740160195775
hsa_piR_001318_DQ571823	13.584083804253709	12.689273804371052	112.2682568138016	324.59259366942524	277.9713111258705	283.1663661080191	19.22289944084149	25.68027938733099	108.7404449782023	725.7655231103146	550.0741858436569	592.4188742194983
hsa_piR_018573_DQ595539	10.419312245575329	8.172925805898252	96.73325570542994	259.1574336947056	191.49134766448853	189.89163674722377	39.25589610598669	30.166111587416733	64.11817590813934	649.513348876445	494.8248376944832	366.2930579340005
URS0000432A51_GR_chr17_75035152_75035183_32_+	NA	NA	NA	NA	NA	NA	32.19115735912545	33.89023971547804	58.12569578871509	18.31729156917249	13.267510158539707	11.955202052289396
hsa_piR_002468_DQ573323	NA	NA	NA	NA	NA	NA	7.4647880178179165	4.579859551551491	159.91070156149453	8.996126408520269	16.123145443303503	14.944235064682656
URS00005E324D_GR_chr6_28881435_28881462_28_+	NA	NA	NA	NA	NA	NA	26.127049116987788	25.418549431320987	71.55793680106659	4.173046053726802	3.930333502690015	3.985146085921046
hsa_piR_000560_DQ570698	17.96473267132139	24.22683507778055	10.406220838143684	4.293215944963535	6.324854470545168	2.822875463881315	27.52559250923024	36.65394854337412	16.336863457364156	11.992707202714517	14.977656996029646	4.911928405522296
hsa_piR_020668_DQ598445	22.380287107050968	29.12562754154096	21.957125968483176	87.42879589616419	163.74793081492098	163.6468842033083	38.724031806958	27.823017240730294	12.591645171906622	8.99625702283753	8.599063649927135	7.970307984760836
URS00004BF3BA_GR_chr21_8215727_8215756_30_+	208.84001730411117	322.2444950856032	1827.9270203687825	2730.194275509014	3981.193746478699	3887.1794064663786	6.531764616181893	6.411889181907066	110.80647902783112	185.92263743574665	255.8221579805256	222.1723474290511
hsa_piR_008114_DQ581033	NA	NA	NA	NA	NA	NA	27.095681458637618	28.89469461031705	14.675576730544702	6.207700628117524	11.223387371129824	0
URS0000354DD9_GR_chr7_139340736_139340766_31_+	NA	NA	NA	NA	NA	NA	5.981667125808059	2.6990199890489923	114.32539102443282	29.055590925617135	21.598620613118772	29.91504077439268
URS00005874CD_GR_chr21_8218452_8218479_28_+	16.964106369680433	25.845655352604833	289.1145469431691	355.9730915722307	485.3352235126189	460.8344194786246	3.265881883193684	3.892932094395431	104.51065691533184	112.45320826420426	68.79251346465956	84.68452678546727
URS000033192B_GR_chr13_91350756_91350782_27_+	8.627493054264773	7.975864726456162	17.868967782069586	17.79137794141668	13.280851531569368	14.04780006789994	61.72341387139777	0	0	131.69402745335657	94.5897054807516	93.4596648955518
URS00003E868B_GR_chr21_8218421_8218452_32_+	12.042421188353392	13.819090659839036	171.4053232339953	266.1430054017649	243.55389709613107	247.88042280950265	4.837908278490753	4.952285092117355	77.70870964500581	83.96506219739852	74.47028162086134	69.54778821291495
hsa_piR_000753_DQ570940	23.13657442805867	32.42749540597065	93.22487267999864	176.18557808038912	404.5624004970579	388.9842496526644	19.085644028215448	14.332450020242153	23.87697103682846	246.5077609568119	188.54385677718815	128.83376897047555
hsa_piR_008488_DQ581533	43.021113375784225	197.22894628754108	205.67152185102557	1046.4713865848616	2692.588576641089	2594.9815319741037	10.264201539714405	6.7553826770199565	59.18073316017835	292.3783406831507	201.0031237467307	191.2874025056417
URS000044DA37_GR_chr1_161523848_161523879_32_-	2.3503082899008554	1.929738866832915	20.02454209854221	18.992023078567502	13.670279938460682	14.593733530254346	0	0.8943129583994063	91.82453493987576	48.083000386521945	52.71307822623372	52.20017530090872
URS0000166D4E_GR_chr6_26554170_26554197_28_+	NA	NA	NA	NA	NA	NA	13.014994917612857	10.485484640698266	40.15773682072378	0	22.57252368720056	17.933174187870872
hsa_piR_000775_DQ570968	9.395415564826438	23.4882209577976	42.21952454332581	76.55022328985828	182.34649438542004	180.3844052320763	4.207947098584017	5.3517704657366405	66.66700996403996	132.54123109940755	97.28844702002635	76.20093936472901
hsa_piR_004993_DQ576880	21.216768151654502	23.894020810278352	53.96368806065939	19.392238124284443	16.584278707268115	19.50713469144399	2.332725063817112	1.3739349760265709	78.06811616976802	23.989936674982825	20.42271032389625	27.89600876514342
hsa_piR_021190_DQ599117	1.3496819882598972	1.1560916660602636	24.826269713857076	29.470380639156467	26.65570302342285	25.64555728035572	5.834560895039156	4.411359409159403	52.56110163715338	180.94412503868685	160.96175142196182	146.42665606512315
URS000009F893_GR_chr10_68755209_68755236_28_+	NA	NA	NA	NA	NA	NA	10.254295484927374	11.429738659569326	10.66619666630108	45.49176605506491	33.27723198198835	53.86579648268441
hsa_piR_015254_DQ590835	67.05941499427514	59.826284006919074	735.3184304530016	910.398271041102	912.6321858326768	916.5557060415398	3.7324369235325103	1.9464665604138345	52.88491010077102	113.95258426722296	83.84087538518735	63.76246783131637
URS00000BDE9E_GR_chr14_102317132_102317162_31_+	9.395415564826438	9.874949647598086	48.43352498667446	41.56778997560033	35.62598494767799	41.8371448467693	8.792529929350394	7.220369823817714	21.02364070694267	70.76695866387813	56.679321871626335	57.8373829907823
hsa_piR_017791_DQ594556	NA	NA	NA	NA	NA	NA	10.730755730258704	7.900362704783317	3.777493646262791	472.30347410682265	550.3401045183446	418.4411929193219
hsa_piR_004801_DQ576605	NA	NA	NA	NA	NA	NA	0	6.7995675055087705	22.310933790525368	33.36455725206244	0	27.897499132735057
hsa_piR_007979_DQ580854	6.60878766665191	14.912414722817743	55.97060207944425	89.90285254241437	313.8255816913813	325.04345730569236	3.728444588850391	2.670000696855907	25.348089273523826	95.80941966801888	65.30612345967512	58.61519476781668
hsa_piR_017184_DQ593752	11.344309815115516	10.728880991847143	0	221.68275214121033	291.1715912629106	327.6133392138484	7.464873847065021	5.8393986548092665	0	109.45445625816691	119.31201480718038	80.69937279308687
hsa_piR_005660_DQ577772	NA	NA	NA	NA	NA	NA	0	4.403480515311281	21.944451968830876	55.33041810762718	45.230220001372444	48.00418963952668
hsa_piR_019324_DQ596538	127.1144458770636	642.6453742946481	519.3001518829075	217.37134460325964	365.6464169394361	363.6982095304445	3.256540941766299	6.030663011344614	3.429575956843111	27.915200335786597	26.09289061373608	23.183978383618545
hsa_piR_020450_DQ598104	NA	NA	NA	NA	NA	NA	5.598654535504239	3.892932094395431	7.554987292525582	11.995006014698312	33.32136657849221	33.873803005389014
URS000043000B_GR_chr1_161523847_161523878_32_-	3.909423690132116	5.085635561305503	14.315986667331956	20.265434587666856	14.825136593379758	15.69891590526448	6.504542298343024	3.4102769695091215	0	71.5723747709352	47.90628857796395	54.01970065589947
hsa_piR_004309_DQ575884	69.66569745436323	75.02480222285274	58.438363021061186	197.269634352477	344.1204260343747	347.5998301161402	3.1664516747046743	2.7897514666030307	10.901686069403343	20.951661781267777	17.982993761159975	25.90899495142891
URS000051F814_GR_chr2_229180940_229180967_28_-	6.690233993529663	13.719830264268204	55.95573604967548	30.28900232357748	54.41254843874528	53.1952239538012	1.9761291861417216	2.8665953159959052	4.260907248949479	12.546772131810794	11.17965903897164	12.509540720093591
hsa_piR_020809_DQ598639	2.100151714490616	2.4362588265840657	31.35245678235005	32.78125056281478	29.12655912231947	28.708110849660915	1.7247523172649617	1.5911434337741572	9.588567962636205	22.193358845017094	17.057100256370052	19.43052911298208
hsa_piR_020619_DQ598378	2.327037910792926	3.6492792489276	0	111.0232920004765	116.82852206739484	111.84978253114645	1.3996634214274288	2.5189560610793977	0	88.46319020645454	82.76599269552412	80.69937279308687
hsa_piR_008033_DQ580927	1.5998385636701369	2.4070645925926444	24.439752939868885	69.72837591968317	49.79312181906897	54.16725182579806	0	0.342747278876884	16.36614469492264	124.44458822451033	83.83827038834612	81.69327205799046
hsa_piR_001184_DQ571550	21.693810923367053	25.093903827325747	72.33810085486739	78.36938258857164	148.13050884200374	125.311702785788	0.71310932528178	1.0671508034233548	6.81003863397708	19.84556347807139	24.72907293468257	19.02717219334754
hsa_piR_000805_DQ571003	NA	NA	NA	NA	NA	NA	0	1.309421657091943	1.289434042678509	40.55352104729125	30.19109872866543	23.834704697628027
URS000056FCD5_GR_chr11_122559988_122560016_29_+	NA	NA	NA	NA	NA	NA	0	0	7.976936146929162	48.52679669008428	15.302733517526756	16.038544386997096
hsa_piR_019911_DQ597340	NA	NA	NA	NA	NA	NA	0	0.6869880166580175	0	17.99251304094954	12.898596541201323	18.929482946268116
URS000030AF74_GR_chr22_45240818_45240862_45_-	NA	NA	NA	NA	NA	NA	0	0	5.036657879381038	134.9438493142098	68.79251346465956	59.77731285062853
URS0000573EBC_GR_chr1_155920020_155920047_28_-	NA	NA	NA	NA	NA	NA	0	0.11449851599245454	0	20.991265046986875	23.64742663676555	26.89979093102895
